randGen
0.187939758272
0.159157429444
0.129974199405
greedy
0.352299335789
0.327474324656
0.35135711993
viterbi
0.395190460703
0.399459328587
0.409445927367
probGen
0.225446557906
0.207809220432
0.238367195955
ngram
0.272682044746
0.216388394322
0.237947518825
randGen-RecursiveDescentParser
0.19739743077
0.19819375822
0.186825594366
greedy-RecursiveDescentParser
0.346218479835
0.326897182652
0.349498342401
viterbi-RecursiveDescentParser
0.395190460703
0.399459328587
0.409445927367
probGen-RecursiveDescentParser
0.257433662267
0.285142406795
0.242542451312
ngram-RecursiveDescentParser
0.228249813498
0.222362881916
0.262496159185