randGen
0.792361111111
0.673214285714
0.753373015873
greedy
0.647916666667
0.54375
0.539583333333
viterbi
0.597222222222
0.569444444444
0.575
probGen
0.649305555556
0.666170634921
0.723214285714
ngram
0.739583333333
0.641666666667
0.641666666667
randGen-RecursiveDescentParser
0.753670634921
0.722222222222
0.733630952381
greedy-RecursiveDescentParser
0.647916666667
0.539583333333
0.539583333333
viterbi-RecursiveDescentParser
0.597222222222
0.569444444444
0.575
probGen-RecursiveDescentParser
0.624305555556
0.644444444444
0.652777777778
ngram-RecursiveDescentParser
0.645138888889
0.585416666667
0.666666666667